20,3
7,443
7,441
7,440
7,438
7,436
7,435
7,433
7,432
7,430
7,429
7,427
7,425
7,424
7,422
7,421
7,419
7,417
7,416
7,414
7,413
7,411
7,410
7,408
7,406
7,405
7,403
7,402
7,400
7,398
7,397
7,395
7,394
7,392
7,391
7,389
7,387
7,386
7,384
7,383
7,381
7,379
7,378
7,376
7,375
7,373
7,371
7,370
7,368
7,367
7,365
7,364
7,362
7,360
7,359
7,357
7,356
7,354
7,352
7,351
7,349
7,348
7,346
7,345
7,343
7,341
7,340
7,338
7,337
7,335
7,333
7,332
7,330
7,329
7,327
7,326
7,324
7,322
7,321
7,319
7,318
7,316
7,314
7,313
7,311
7,310
7,308
7,306
7,305
7,303
7,302
7,300
7,299
7,297
7,295
7,294
7,292
7,291
7,289
7,287
7,286
7,284
7,283
7,281
7,280
7,278
7,276
7,275
7,273
7,272
7,270
7,268
7,267
7,265
7,264
7,262
7,261
7,259
7,257
7,256
7,254
7,253
7,251
7,249
7,248
7,246
7,245
7,243
7,242
7,606
7,605
7,604
7,603
7,602
7,601
7,600
7,599
7,598
7,597
7,596
7,595
7,594
7,593
7,592
7,591
7,590
7,589
7,588
7,587
7,586
7,585
7,584
7,583
7,582
7,581
7,580
7,703
7,579
7,578
7,577
7,576
7,575
7,574
7,573
7,572
7,571
7,570
7,569
7,568
7,567
7,566
7,565
7,564
7,563
7,562
7,561
7,560
7,559
7,558
7,557
7,556
7,555
7,554
7,553
7,552
7,551
7,550
7,549
7,548
7,547
7,546
7,545
7,544
7,543
7,542
7,541
7,540
7,539
7,538
7,537
7,536
7,535
7,534
7,533
7,532
7,531
7,530
7,529
7,528
7,527
7,526
7,525
7,524
7,523
7,522
7,521
7,520
7,519
7,518
7,517
7,516
7,515
7,514
7,513
7,512
7,511
7,510
7,509
7,508
7,507
7,506
7,505
7,504
7,503
7,502
7,501
7,500
7,499
7,498
7,497
7,496
7,495
7,494
7,493
7,492
7,491
7,490
7,489
7,488
7,487
7,486
7,485
7,484
7,483
7,482
7,481
7,480
7,479
7,478
7,477
7,476
7,475
7,474
7,473
7,472
7,471
7,470
7,469
7,468
7,467
7,466
7,465
7,464
7,463
7,462
7,461
7,460
7,459
7,458
7,457
7,456
7,455
7,454
7,453
7,452
7,451
7,450
7,449
7,448
7,447
7,446
7,445
7,444
7,442
7,439
7,437
7,434
7,431
7,428
7,426
7,423
7,420
7,418
7,415
7,412
7,409
7,407
7,404
7,401
7,399
7,396
7,393
7,390
7,388
7,385
7,382
7,380
7,377
7,374
7,372
7,369
7,366
7,363
7,361
7,358
7,355
7,353
7,350
7,347
7,344
7,342
7,339
7,336
7,334
7,331
7,328
7,325
7,323
7,320
7,317
7,315
7,312
7,309
7,307
7,304
7,301
7,298
7,296
7,293
7,290
7,288
7,285
7,282
7,279
7,277
7,274
7,271
7,269
7,266
7,263
7,260
7,258
7,255
7,252
7,250
7,247
7,244
7,241
7,240
7,239
7,238
7,237
7,236
7,235
7,234
7,233
7,232
7,231
7,230
7,229
7,228
7,227
7,226
7,225
7,224
7,223
7,222
7,221
7,220
7,219
7,218
7,217
7,216
7,215
7,214
7,213
7,212
7,211
7,210
7,209
7,208
7,207
7,206
7,205
7,204
7,203
7,202
7,201
7,200
7,199
7,198
7,197
7,196
7,195
7,194
7,193
7,192
7,191
7,190
7,189
7,188
7,187
7,186
7,185
7,184
7,183
7,182
7,181
7,180
7,179
7,178
7,177
7,176
7,175
7,174
7,173
7,172
7,171
7,170
7,169
7,168
7,167
7,166
7,165
7,164
7,163
7,162
7,161
7,160
7,159
7,158
7,157
7,156
7,155
7,154
7,153
7,152
7,151
7,150
7,149
7,148
7,147
7,146
7,145
7,144
7,143
7,142
7,141
7,140
7,139
7,138
7,137
7,136
7,135
7,134
7,133
7,132
7,131
7,130
7,129
7,128
7,127
7,126
7,125
7,124
7,123
7,122
7,121
7,120
7,119
7,118
7,117
7,116
7,115
7,114
7,113
7,112
7,111
7,110
7,109
7,108
7,107
7,106
7,105
7,104
7,103
7,102
7,101
7,100
7,99
7,98
7,97
7,96
7,95
7,94
7,93
7,92
7,91
7,90
7,89
7,88
7,87
7,86
7,85
7,84
7,83
7,82
7,81
7,80
7,79
7,78
7,77
7,76
7,75
7,74
7,73
7,72
7,71
7,70
7,69
7,68
7,67
7,66
7,65
7,64
7,35
7,34
7,33
7,32
7,31
7,30
7,29
7,28
7,27
7,26
7,25
7,24
7,23
7,22
7,21
7,20
7,19
7,18
7,17
7,16
7,15
7,14
7,13
7,12
7,11
7,10
7,9
7,8
7,7
7,6
7,5
7,4
7,3
11,162
11,161
11,160
11,159
11,158
11,157
11,156
11,155
11,154
11,153
11,152
11,151
11,150
11,149
11,148
11,147
11,146
11,145
11,144
11,143
11,142
11,141
11,140
11,139
11,138
11,137
11,136
11,135
11,134
11,133
11,132
11,131
11,130
11,129
11,128
11,127
11,126
11,125
11,124
11,123
11,122
11,121
11,120
11,119
11,118
11,117
11,116
11,115
11,114
11,113
11,112
11,111
11,110
11,109
11,108
11,107
11,106
11,105
11,104
11,103
11,102
11,101
11,100
11,99
11,98
11,97
11,96
11,95
11,94
11,93
11,92
11,91
11,90
11,89
11,88
11,87
11,86
11,85
11,84
11,83
11,82
11,81
11,80
11,79
11,78
11,77
11,76
11,75
11,74
11,73
11,72
11,71
11,70
11,69
11,68
11,67
11,66
11,65
11,64
11,35
11,34
11,33
11,32
11,31
11,30
11,29
11,28
11,27
11,26
11,25
11,24
11,23
11,22
11,21
11,20
11,19
11,18
11,17
11,16
11,15
11,14
11,13
11,12
11,11
11,10
11,9
11,8
11,7
11,6
11,5
11,4
11,163
11,3
5,3
0,300
0,299
0,298
0,297
0,296
0,295
0,294
0,293
0,292
0,291
0,290
0,289
0,288
0,287
0,286
0,285
0,284
0,283
0,282
0,281
0,280
0,279
0,278
0,277
0,276
0,275
0,274
0,273
0,272
0,271
0,270
0,269
0,268
0,267
0,266
0,265
0,264
0,263
0,262
0,261
0,260
0,259
0,258
0,257
0,256
0,255
0,254
0,253
0,252
0,251
0,250
0,249
0,248
0,247
0,246
0,245
0,244
0,242
0,241
0,240
0,239
0,238
0,237
0,236
0,235
0,234
0,233
0,232
0,231
0,230
0,229
0,228
0,227
0,226
0,225
0,224
0,223
0,222
0,221
0,220
0,219
0,218
0,217
0,216
0,215
0,214
0,213
0,212
0,211
0,210
0,209
0,208
0,207
0,206
0,205
0,204
0,203
0,202
0,201
0,200
0,199
0,198
0,197
0,196
0,195
0,194
0,193
0,192
0,63
0,62
0,60
0,59
0,58
0,57
0,56
0,55
0,54
0,53
0,52
0,51
0,50
0,49
0,48
0,47
0,46
0,45
0,6
0,61
12,3
0,305
0,302
0,304
0,303
0,12
0,11
0,10
0,8
21,3
7,2
7,1
7,0
5,4
4,3
4,2
4,1
4,0
3,6
3,5
3,4
3,3
3,2
3,1
3,0
2,3
2,2
2,1
2,0
1,3
1,2
1,1
1,0
0,243
0,9
0,0
0,1
9,3
11,0
11,2
14,3
15,3
19,4
22,3
22,4
19,3
11,1
0,5
0,306
0,4
0,2
0,3
0,7
